-5.37234 11.8329
17
	StaticRect
		-17.1 -12 -11.95 -7.1 255 0 0 255

	StaticRect
		12.15 -11.35 17.1 -6.9 255 0 0 255

	StaticRect
		11.75 9.8 17.95 13.35 255 0 0 255

	StaticRect
		-14.6 8.75 -10.7 12.35 255 0 0 255

	StaticRect
		-10.85 -11.4 -8.85 -7.45 255 255 0 255

	StaticRect
		8.55 -10.55 10.7 -7.75 255 255 0 255

	StaticRect
		12.55 -5.85 16.6 -3.3 255 255 0 255

	StaticRect
		13.4 7.5 16.8 9.3 255 255 0 255

	StaticRect
		8.35 10.8 10.15 12.5 255 255 0 255

	StaticRect
		-9.8 9.05 -8.85 11.35 255 255 0 255

	StaticRect
		-13.85 6.3 -11.3 7.9 255 255 0 255

	StaticRect
		-16.45 -6.75 -12.2 -3.65 255 255 0 255

	StaticRect
		11.3 12.7479 -14.3 14.1979 255 255 0 255

	TriggerKill
		-24 18 26 15 255 0 0 255

	TriggerKill
		26 18 23 -28 255 0 0 255

	TriggerKill
		26 -28 -20 -30 255 0 0 255

	TriggerKill
		-24 15 -20 -30 255 0 0 255

